ESTAR: Stopping Powers and Range Tables for Electrons

pvt08 (Density=1.0604 g/cm3) (I=66.9 eV)

Kinetic    Collision Radiative Total     CSDA      Radiation D. Effect 
Energy     Stp. Pow. Stp. Pow. Stp. Pow. Range     Yield     Parameter 
MeV        MeV cm2/g MeV cm2/g MeV cm2/g g/cm2                         

 1.000E-02 2.230E+01 3.123E-03 2.231E+01 2.536E-04 7.640E-05 0.000E+00 
 1.250E-02 1.874E+01 3.150E-03 1.874E+01 3.764E-04 9.195E-05 0.000E+00 
 1.500E-02 1.625E+01 3.170E-03 1.626E+01 5.201E-04 1.069E-04 0.000E+00 
 1.750E-02 1.441E+01 3.187E-03 1.441E+01 6.837E-04 1.214E-04 0.000E+00 
 2.000E-02 1.299E+01 3.201E-03 1.299E+01 8.667E-04 1.354E-04 0.000E+00 
 2.500E-02 1.093E+01 3.227E-03 1.093E+01 1.288E-03 1.625E-04 0.000E+00 
 3.000E-02 9.506E+00 3.251E-03 9.509E+00 1.780E-03 1.885E-04 0.000E+00 
 3.500E-02 8.457E+00 3.274E-03 8.461E+00 2.339E-03 2.137E-04 0.000E+00 
 4.000E-02 7.652E+00 3.296E-03 7.655E+00 2.961E-03 2.381E-04 0.000E+00 
 4.500E-02 7.013E+00 3.318E-03 7.017E+00 3.644E-03 2.618E-04 0.000E+00 
 5.000E-02 6.493E+00 3.340E-03 6.497E+00 4.385E-03 2.850E-04 0.000E+00 
 5.500E-02 6.062E+00 3.363E-03 6.065E+00 5.182E-03 3.077E-04 0.000E+00 
 6.000E-02 5.698E+00 3.386E-03 5.701E+00 6.033E-03 3.299E-04 0.000E+00 
 7.000E-02 5.117E+00 3.432E-03 5.120E+00 7.888E-03 3.731E-04 0.000E+00 
 8.000E-02 4.673E+00 3.479E-03 4.677E+00 9.935E-03 4.149E-04 0.000E+00 
 9.000E-02 4.324E+00 3.528E-03 4.327E+00 1.216E-02 4.554E-04 0.000E+00 
 1.000E-01 4.041E+00 3.577E-03 4.044E+00 1.455E-02 4.949E-04 0.000E+00 
 1.250E-01 3.525E+00 3.707E-03 3.528E+00 2.120E-02 5.896E-04 0.000E+00 
 1.500E-01 3.176E+00 3.842E-03 3.180E+00 2.868E-02 6.796E-04 0.000E+00 
 1.750E-01 2.926E+00 3.983E-03 2.930E+00 3.689E-02 7.660E-04 0.000E+00 
 2.000E-01 2.739E+00 4.129E-03 2.743E+00 4.571E-02 8.493E-04 0.000E+00 
 2.500E-01 2.478E+00 4.438E-03 2.482E+00 6.494E-02 1.009E-03 0.000E+00 
 3.000E-01 2.308E+00 4.770E-03 2.312E+00 8.585E-02 1.162E-03 0.000E+00 
 3.500E-01 2.189E+00 5.123E-03 2.194E+00 1.081E-01 1.310E-03 0.000E+00 
 4.000E-01 2.102E+00 5.496E-03 2.107E+00 1.314E-01 1.455E-03 1.574E-02 
 4.500E-01 2.035E+00 5.888E-03 2.041E+00 1.555E-01 1.598E-03 4.373E-02 
 5.000E-01 1.983E+00 6.297E-03 1.990E+00 1.803E-01 1.741E-03 7.431E-02 
 5.500E-01 1.943E+00 6.721E-03 1.949E+00 2.057E-01 1.883E-03 1.067E-01 
 6.000E-01 1.910E+00 7.159E-03 1.917E+00 2.316E-01 2.026E-03 1.405E-01 
 7.000E-01 1.862E+00 8.073E-03 1.870E+00 2.844E-01 2.311E-03 2.103E-01 
 8.000E-01 1.830E+00 9.030E-03 1.839E+00 3.384E-01 2.599E-03 2.815E-01 
 9.000E-01 1.808E+00 1.003E-02 1.818E+00 3.931E-01 2.889E-03 3.526E-01 
 1.000E+00 1.792E+00 1.107E-02 1.803E+00 4.483E-01 3.183E-03 4.227E-01 
 1.250E+00 1.771E+00 1.381E-02 1.784E+00 5.878E-01 3.933E-03 5.913E-01 
 1.500E+00 1.763E+00 1.673E-02 1.780E+00 7.282E-01 4.705E-03 7.482E-01 
 1.750E+00 1.762E+00 1.981E-02 1.782E+00 8.686E-01 5.498E-03 8.933E-01 
 2.000E+00 1.765E+00 2.302E-02 1.788E+00 1.009E+00 6.310E-03 1.027E+00 
 2.500E+00 1.775E+00 2.975E-02 1.805E+00 1.287E+00 7.982E-03 1.267E+00 
 3.000E+00 1.788E+00 3.684E-02 1.825E+00 1.563E+00 9.707E-03 1.476E+00 
 3.500E+00 1.801E+00 4.421E-02 1.845E+00 1.835E+00 1.147E-02 1.662E+00 
 4.000E+00 1.813E+00 5.183E-02 1.865E+00 2.105E+00 1.327E-02 1.828E+00 
 4.500E+00 1.825E+00 5.966E-02 1.884E+00 2.371E+00 1.510E-02 1.978E+00 
 5.000E+00 1.836E+00 6.767E-02 1.903E+00 2.635E+00 1.695E-02 2.116E+00 
 5.500E+00 1.846E+00 7.586E-02 1.922E+00 2.897E+00 1.882E-02 2.244E+00 
 6.000E+00 1.855E+00 8.419E-02 1.939E+00 3.156E+00 2.071E-02 2.362E+00 
 7.000E+00 1.872E+00 1.013E-01 1.974E+00 3.667E+00 2.451E-02 2.578E+00 
 8.000E+00 1.887E+00 1.188E-01 2.006E+00 4.170E+00 2.836E-02 2.770E+00 
 9.000E+00 1.900E+00 1.367E-01 2.037E+00 4.664E+00 3.222E-02 2.944E+00 
 1.000E+01 1.912E+00 1.549E-01 2.067E+00 5.152E+00 3.610E-02 3.104E+00 
 1.250E+01 1.936E+00 2.017E-01 2.138E+00 6.341E+00 4.582E-02 3.454E+00 
 1.500E+01 1.956E+00 2.499E-01 2.205E+00 7.492E+00 5.549E-02 3.754E+00 
 1.750E+01 1.971E+00 2.990E-01 2.270E+00 8.609E+00 6.507E-02 4.017E+00 
 2.000E+01 1.985E+00 3.491E-01 2.334E+00 9.695E+00 7.452E-02 4.250E+00 
 2.500E+01 2.006E+00 4.510E-01 2.457E+00 1.178E+01 9.297E-02 4.652E+00 
 3.000E+01 2.023E+00 5.547E-01 2.578E+00 1.377E+01 1.107E-01 4.990E+00 
 3.500E+01 2.037E+00 6.598E-01 2.697E+00 1.567E+01 1.278E-01 5.280E+00 
 4.000E+01 2.049E+00 7.661E-01 2.815E+00 1.748E+01 1.441E-01 5.535E+00 
 4.500E+01 2.059E+00 8.733E-01 2.932E+00 1.922E+01 1.598E-01 5.761E+00 
 5.000E+01 2.068E+00 9.813E-01 3.050E+00 2.089E+01 1.748E-01 5.965E+00 
 5.500E+01 2.076E+00 1.090E+00 3.166E+00 2.250E+01 1.892E-01 6.150E+00 
 6.000E+01 2.084E+00 1.199E+00 3.283E+00 2.405E+01 2.030E-01 6.320E+00 
 7.000E+01 2.097E+00 1.419E+00 3.516E+00 2.699E+01 2.290E-01 6.622E+00 
 8.000E+01 2.108E+00 1.641E+00 3.749E+00 2.975E+01 2.530E-01 6.884E+00 
 9.000E+01 2.118E+00 1.864E+00 3.982E+00 3.234E+01 2.752E-01 7.116E+00 
 1.000E+02 2.127E+00 2.088E+00 4.215E+00 3.478E+01 2.959E-01 7.324E+00 
 1.250E+02 2.146E+00 2.651E+00 4.797E+00 4.033E+01 3.417E-01 7.766E+00 
 1.500E+02 2.161E+00 3.220E+00 5.381E+00 4.525E+01 3.808E-01 8.128E+00 
 1.750E+02 2.174E+00 3.791E+00 5.965E+00 4.966E+01 4.147E-01 8.434E+00 
 2.000E+02 2.185E+00 4.364E+00 6.549E+00 5.366E+01 4.442E-01 8.700E+00 
 2.500E+02 2.204E+00 5.517E+00 7.720E+00 6.068E+01 4.937E-01 9.144E+00 
 3.000E+02 2.219E+00 6.675E+00 8.894E+00 6.671E+01 5.337E-01 9.508E+00 
 3.500E+02 2.231E+00 7.837E+00 1.007E+01 7.199E+01 5.667E-01 9.815E+00 
 4.000E+02 2.243E+00 9.002E+00 1.124E+01 7.669E+01 5.946E-01 1.008E+01 
 4.500E+02 2.252E+00 1.017E+01 1.242E+01 8.092E+01 6.185E-01 1.032E+01 
 5.000E+02 2.261E+00 1.134E+01 1.360E+01 8.476E+01 6.393E-01 1.053E+01 
 5.500E+02 2.269E+00 1.251E+01 1.478E+01 8.829E+01 6.576E-01 1.072E+01 
 6.000E+02 2.276E+00 1.368E+01 1.596E+01 9.154E+01 6.738E-01 1.089E+01 
 7.000E+02 2.289E+00 1.603E+01 1.832E+01 9.739E+01 7.014E-01 1.120E+01 
 8.000E+02 2.300E+00 1.839E+01 2.069E+01 1.025E+02 7.240E-01 1.147E+01 
 9.000E+02 2.310E+00 2.074E+01 2.305E+01 1.071E+02 7.429E-01 1.170E+01 
 1.000E+03 2.318E+00 2.310E+01 2.542E+01 1.112E+02 7.591E-01 1.191E+01 